%YAML:1.0
cameraMatrix: !!opencv-matrix
   rows: 3
   cols: 3
   dt: d
   data: [ 5.6243604286131642e+02, 0., 3.1880275369948959e+02, 0.,
       5.6891701689370109e+02, 3.0331062018792619e+02, 0., 0., 1. ]
imageSize_width: 640
imageSize_height: 480
sensorSize_width: 0
sensorSize_height: 0
distCoeffs: !!opencv-matrix
   rows: 5
   cols: 1
   dt: d
   data: [ -1.3516083246128410e-01, -1.6774965367876454e-01,
       2.4150273140118316e-02, -5.3257936778917693e-03,
       5.5331413343913249e-01 ]
reprojectionError: 9.3194162845611572e-01
features:
   - [ 4.26351227e+02, 1.94501099e+02, 4.28406097e+02, 2.27542496e+02,
       4.30547943e+02, 2.60744110e+02, 4.32469452e+02, 2.94383850e+02,
       4.34225677e+02, 3.28161957e+02, 4.35585144e+02, 3.61494659e+02,
       4.37689301e+02, 3.95321930e+02, 3.92835754e+02, 1.96920471e+02,
       3.94736084e+02, 2.29483932e+02, 3.96792633e+02, 2.62559204e+02,
       3.98647003e+02, 2.95871094e+02, 4.00542084e+02, 3.29639801e+02,
       4.02134583e+02, 3.63293152e+02, 4.03771484e+02, 3.96873962e+02,
       3.59820129e+02, 1.98919693e+02, 3.61561493e+02, 2.31485168e+02,
       3.63367065e+02, 2.64276031e+02, 3.65117249e+02, 2.97423584e+02,
       3.66869415e+02, 3.31199493e+02, 3.68545288e+02, 3.64804779e+02,
       3.70262573e+02, 3.98580139e+02, 3.27426086e+02, 2.01386871e+02,
       3.28631073e+02, 2.33278564e+02, 3.30096802e+02, 2.65748566e+02,
       3.31575867e+02, 2.98896759e+02, 3.33234314e+02, 3.32648163e+02,
       3.34704468e+02, 3.66301147e+02, 3.36523987e+02, 4.00369720e+02,
       2.95756226e+02, 2.04200653e+02, 2.96424713e+02, 2.35469681e+02,
       2.97324493e+02, 2.67506927e+02, 2.98495575e+02, 3.00537384e+02,
       2.99682007e+02, 3.34111389e+02, 3.01276337e+02, 3.67810974e+02,
       3.02898529e+02, 4.02050446e+02, 2.64549591e+02, 2.06920074e+02,
       2.64642181e+02, 2.37739731e+02, 2.65314117e+02, 2.69669037e+02,
       2.65707916e+02, 3.02259979e+02, 2.66494659e+02, 3.35625092e+02,
       2.67525391e+02, 3.69630829e+02, 2.69062256e+02, 4.03781097e+02,
       2.33904907e+02, 2.09522125e+02, 2.33705368e+02, 2.40266037e+02,
       2.33531937e+02, 2.71628967e+02, 2.33722137e+02, 3.04100586e+02,
       2.33816711e+02, 3.37239868e+02, 2.34354095e+02, 3.71163879e+02,
       2.35194397e+02, 4.05610107e+02, 2.03683243e+02, 2.12171356e+02,
       2.02958237e+02, 2.42494843e+02, 2.02488571e+02, 2.73710266e+02,
       2.02180511e+02, 3.05802643e+02, 2.02227173e+02, 3.38832733e+02,
       2.01713028e+02, 3.72547150e+02, 2.02133026e+02, 4.07012726e+02,
       1.74621170e+02, 2.15198532e+02, 1.74375397e+02, 2.45619019e+02,
       1.73136734e+02, 2.76447235e+02, 1.72497345e+02, 3.08213654e+02,
       1.71516190e+02, 3.40605438e+02, 1.70525177e+02, 3.73948151e+02,
       1.69471527e+02, 4.08190155e+02, 1.46963654e+02, 2.18594162e+02,
       1.47127945e+02, 2.48906982e+02, 1.44933899e+02, 2.79089203e+02,
       1.43081863e+02, 3.10272308e+02, 1.41300476e+02, 3.42380157e+02,
       1.39630142e+02, 3.75414764e+02, 1.38286652e+02, 4.09232422e+02 ]
   - [ 5.05125519e+02, 8.61024857e+00, 5.10588348e+02, 4.28272667e+01,
       5.16486633e+02, 7.71363220e+01, 5.22104187e+02, 1.12267715e+02,
       5.27329102e+02, 1.48006500e+02, 5.31850586e+02, 1.84531097e+02,
       5.39096008e+02, 2.20381424e+02, 4.70603851e+02, 1.07584324e+01,
       4.76407593e+02, 4.44518585e+01, 4.82151245e+02, 7.89114151e+01,
       4.87981476e+02, 1.14021240e+02, 4.92785248e+02, 1.50345413e+02,
       4.97971313e+02, 1.86808960e+02, 5.03810333e+02, 2.23483994e+02,
       4.36018036e+02, 1.23044844e+01, 4.41494507e+02, 4.62022018e+01,
       4.47184967e+02, 8.07268600e+01, 4.52671112e+02, 1.16043930e+02,
       4.57903381e+02, 1.52360764e+02, 4.62950897e+02, 1.89392288e+02,
       4.68541138e+02, 2.26489914e+02, 4.00200104e+02, 1.49711361e+01,
       4.06127411e+02, 4.77619820e+01, 4.11544891e+02, 8.24206924e+01,
       4.17131561e+02, 1.17773232e+02, 4.22163330e+02, 1.54532196e+02,
       4.26706238e+02, 1.91979721e+02, 4.32578613e+02, 2.29366653e+02,
       3.64066895e+02, 1.78568134e+01, 3.69798157e+02, 5.02587929e+01,
       3.75267578e+02, 8.44591141e+01, 3.80398163e+02, 1.20241714e+02,
       3.85714996e+02, 1.56752945e+02, 3.90447906e+02, 1.94539749e+02,
       3.95649902e+02, 2.32527039e+02, 3.27601898e+02, 2.10713902e+01,
       3.32828094e+02, 5.26147842e+01, 3.37974091e+02, 8.73780594e+01,
       3.43126770e+02, 1.22663231e+02, 3.48165253e+02, 1.59465790e+02,
       3.53270416e+02, 1.96860886e+02, 3.57998779e+02, 2.35610458e+02,
       2.90810699e+02, 2.35635052e+01, 2.95474213e+02, 5.57298546e+01,
       3.00291901e+02, 8.99213181e+01, 3.05030701e+02, 1.25617393e+02,
       3.09821136e+02, 1.62274200e+02, 3.14589142e+02, 2.00194489e+02,
       3.19565704e+02, 2.38703094e+02, 2.53597794e+02, 2.70042152e+01,
       2.57655396e+02, 5.88729362e+01, 2.61906799e+02, 9.32779846e+01,
       2.66321106e+02, 1.28792801e+02, 2.70716248e+02, 1.65575027e+02,
       2.75323486e+02, 2.03203537e+02, 2.79905518e+02, 2.42221268e+02,
       2.15960983e+02, 3.02623310e+01, 2.20262787e+02, 6.47732925e+01,
       2.23997543e+02, 9.93469391e+01, 2.27686417e+02, 1.34697235e+02,
       2.31511734e+02, 1.70955368e+02, 2.35409180e+02, 2.08270370e+02,
       2.39295380e+02, 2.46548019e+02, 1.79218201e+02, 3.66863289e+01,
       1.83404938e+02, 7.17250977e+01, 1.86347198e+02, 1.05830055e+02,
       1.89242767e+02, 1.40439697e+02, 1.92317703e+02, 1.76587875e+02,
       1.95308960e+02, 2.13618744e+02, 1.98559509e+02, 2.52114090e+02 ]
   - [ 4.25450378e+02, 2.52365601e+02, 4.26734619e+02, 2.75530701e+02,
       4.28306335e+02, 2.98989746e+02, 4.29354553e+02, 3.22829193e+02,
       4.30658386e+02, 3.46737640e+02, 4.31783600e+02, 3.71166809e+02,
       4.33505219e+02, 3.95619293e+02, 4.01839050e+02, 2.53530563e+02,
       4.03300171e+02, 2.76236877e+02, 4.04597321e+02, 2.99626282e+02,
       4.05802246e+02, 3.23399567e+02, 4.06827332e+02, 3.47534546e+02,
       4.07828705e+02, 3.71750977e+02, 4.09236023e+02, 3.96438171e+02,
       3.78525665e+02, 2.54598450e+02, 3.79656128e+02, 2.77117523e+02,
       3.80898224e+02, 3.00311035e+02, 3.82084839e+02, 3.24118591e+02,
       3.83140564e+02, 3.48240051e+02, 3.84059174e+02, 3.72505157e+02,
       3.85218414e+02, 3.97188019e+02, 3.55317780e+02, 2.55841919e+02,
       3.56270447e+02, 2.78056000e+02, 3.57292084e+02, 3.01239471e+02,
       3.58323792e+02, 3.24665588e+02, 3.59283569e+02, 3.48803009e+02,
       3.60011566e+02, 3.73240814e+02, 3.61125671e+02, 3.97816559e+02,
       3.32385223e+02, 2.57228302e+02, 3.32898926e+02, 2.79142181e+02,
       3.33677002e+02, 3.02096130e+02, 3.34481415e+02, 3.25519867e+02,
       3.35296387e+02, 3.49579407e+02, 3.36111542e+02, 3.73852051e+02,
       3.37040558e+02, 3.98688538e+02, 3.09540924e+02, 2.58420166e+02,
       3.09723663e+02, 2.80268799e+02, 3.10384003e+02, 3.03061096e+02,
       3.10746521e+02, 3.26361755e+02, 3.11386322e+02, 3.50356934e+02,
       3.12072327e+02, 3.74693848e+02, 3.12717651e+02, 3.99561035e+02,
       2.86794556e+02, 2.59474762e+02, 2.86773651e+02, 2.81332794e+02,
       2.87073792e+02, 3.03978607e+02, 2.87369019e+02, 3.27324646e+02,
       2.87648102e+02, 3.51193207e+02, 2.88115784e+02, 3.75466736e+02,
       2.88534912e+02, 4.00406342e+02, 2.64408173e+02, 2.60716522e+02,
       2.64084198e+02, 2.82437836e+02, 2.64060181e+02, 3.05039307e+02,
       2.64119354e+02, 3.28299255e+02, 2.64089905e+02, 3.52111450e+02,
       2.64145050e+02, 3.76349060e+02, 2.64342804e+02, 4.01214630e+02,
       2.41905441e+02, 2.61917145e+02, 2.42287262e+02, 2.84329407e+02,
       2.42108154e+02, 3.06772156e+02, 2.41776627e+02, 3.29821106e+02,
       2.41482819e+02, 3.53454346e+02, 2.41115768e+02, 3.77499298e+02,
       2.40492188e+02, 4.02101227e+02, 2.20847458e+02, 2.64027191e+02,
       2.21305527e+02, 2.86399872e+02, 2.20681015e+02, 3.08653168e+02,
       2.19808594e+02, 3.31406067e+02, 2.19172989e+02, 3.54724609e+02,
